{"parties": ["EL", "SF", "ALT", "RV", "S", "M", "V", "KF", "DF", "LA", "DD", "NB", "IA", "BP", "JF", "N", "SP"], "matrix": [[1.0, 0.7842, 0.8292, 0.6806, 0.6212, 0.425, 0.4076, 0.3947, 0.3757, 0.3974, 0.3821, null, 0.5789, 0.3367, null, 0.9833, 0.5574], [0.7842, 1.0, 0.8357, 0.8281, 0.8026, 0.5725, 0.5689, 0.5468, 0.4617, 0.5132, 0.4725, null, 0.6413, 0.3363, null, 0.9833, 0.6835], [0.8292, 0.8357, 1.0, 0.7826, 0.6597, 0.5137, 0.5371, 0.5185, 0.448, 0.4975, 0.4656, null, 0.5049, 0.3436, null, 0.9833, 0.5776], [0.6806, 0.8281, 0.7826, 1.0, 0.8347, 0.6969, 0.6633, 0.6404, 0.5185, 0.608, 0.5305, null, 0.6051, 0.353, null, 1.0, 0.8148], [0.6212, 0.8026, 0.6597, 0.8347, 1.0, 0.8118, 0.7323, 0.6845, 0.557, 0.6435, 0.5703, null, 0.6775, 0.3897, null, 0.9833, 0.9024], [0.425, 0.5725, 0.5137, 0.6969, 0.8118, 1.0, 0.9913, 0.873, 0.7085, 0.8323, 0.7349, null, 0.1774, 0.3602, null, null, 0.9952], [0.4076, 0.5689, 0.5371, 0.6633, 0.7323, 0.9913, 1.0, 0.9228, 0.7762, 0.836, 0.7883, null, 0.3514, 0.4792, null, 0.4333, 1.0], [0.3947, 0.5468, 0.5185, 0.6404, 0.6845, 0.873, 0.9228, 1.0, 0.7863, 0.845, 0.8057, null, 0.3804, 0.5695, null, 0.4333, 0.8451], [0.3757, 0.4617, 0.448, 0.5185, 0.557, 0.7085, 0.7762, 0.7863, 1.0, 0.7409, 0.9585, null, 0.1667, 0.7372, null, 0.5667, 0.6351], [0.3974, 0.5132, 0.4975, 0.608, 0.6435, 0.8323, 0.836, 0.845, 0.7409, 1.0, 0.753, null, 0.2981, 0.6352, null, 0.5167, 0.7199], [0.3821, 0.4725, 0.4656, 0.5305, 0.5703, 0.7349, 0.7883, 0.8057, 0.9585, 0.753, 1.0, null, 0.1703, 0.6943, null, 0.5833, 0.5473], [null, null, null, null, null, null, null, null, null, null, null, 1.0, null, null, null, null, null], [0.5789, 0.6413, 0.5049, 0.6051, 0.6775, 0.1774, 0.3514, 0.3804, 0.1667, 0.2981, 0.1703, null, 1.0, 0.1402, null, null, null], [0.3367, 0.3363, 0.3436, 0.353, 0.3897, 0.3602, 0.4792, 0.5695, 0.7372, 0.6352, 0.6943, null, 0.1402, 1.0, null, 0.431, null], [null, null, null, null, null, null, null, null, null, null, null, null, null, null, 1.0, null, null], [0.9833, 0.9833, 0.9833, 1.0, 0.9833, null, 0.4333, 0.4333, 0.5667, 0.5167, 0.5833, null, null, 0.431, null, 1.0, null], [0.5574, 0.6835, 0.5776, 0.8148, 0.9024, 0.9952, 1.0, 0.8451, 0.6351, 0.7199, 0.5473, null, null, null, null, null, 1.0]], "shared": [[0, 10033, 5714, 10033, 10039, 4238, 10039, 10037, 9947, 9101, 10023, 0, 266, 1797, 19, 60, 296], [10033, 0, 5715, 10231, 10237, 4243, 10237, 10234, 10145, 9285, 10216, 0, 276, 1799, 19, 60, 297], [5714, 5715, 0, 5714, 5718, 3504, 5718, 5716, 5636, 5672, 5707, 0, 206, 1621, 14, 60, 232], [10033, 10231, 5714, 0, 10237, 4243, 10237, 10234, 10145, 9285, 10216, 0, 276, 1799, 19, 60, 297], [10039, 10237, 5718, 10237, 0, 4246, 10243, 10240, 10151, 9290, 10222, 0, 276, 1799, 19, 60, 297], [4238, 4243, 3504, 4243, 4246, 0, 4246, 4245, 4244, 4175, 4243, 0, 124, 905, 7, 39, 207], [10039, 10237, 5718, 10237, 10243, 4246, 0, 10240, 10151, 9290, 10222, 0, 276, 1799, 19, 60, 297], [10037, 10234, 5716, 10234, 10240, 4245, 10240, 0, 10148, 9288, 10219, 0, 276, 1798, 19, 60, 297], [9947, 10145, 5636, 10145, 10151, 4244, 10151, 10148, 0, 9213, 10130, 0, 276, 1720, 19, 60, 296], [9101, 9285, 5672, 9285, 9290, 4175, 9290, 9288, 9213, 0, 9271, 0, 265, 1760, 17, 60, 282], [10023, 10216, 5707, 10216, 10222, 4243, 10222, 10219, 10130, 9271, 0, 0, 276, 1796, 19, 60, 296], [0, 0, 0, 0, 0, 0, 0, 0, 0, 0, 0, 0, 0, 0, 0, 0, 0], [266, 276, 206, 276, 276, 124, 276, 276, 276, 265, 276, 0, 0, 107, 5, 7, 8], [1797, 1799, 1621, 1799, 1799, 905, 1799, 1798, 1720, 1760, 1796, 0, 107, 0, 4, 58, 21], [19, 19, 14, 19, 19, 7, 19, 19, 19, 17, 19, 0, 5, 4, 0, 0, 6], [60, 60, 60, 60, 60, 39, 60, 60, 60, 60, 60, 0, 7, 58, 0, 0, 1], [296, 297, 232, 297, 297, 207, 297, 297, 296, 282, 296, 0, 8, 21, 6, 1, 0]]}